23 31 25 25 48 25 25 32 32 32 32 32 33 00 00 24 25 26 24 25 25 26 31 32 32 32 25 26 28 28 28 24 25 25 25 25 25 25 32 33 28 38 28 28 31 25 25 25 32 32 32 32 33 00 00 00 31 32 32 32 32 32 32 32 32 33 00 00 00 24 32 32 32 33 31 32 32 32 25 25 25 25 25 48 25 25 25 25 25 25 25 26 28 28 24 25 25 48 25 25 25 26 28 28 28 28 24 25 48 25 25 25 26 28 28 28 28 31 32 32 32 25 48 25 25 25 25 25
25 23 31 32 32 32 33 29 00 00 28 29 00 00 00 24 25 26 31 32 32 33 28 28 00 28 24 26 2A 10 28 24 25 48 25 25 25 26 00 2A 28 28 29 28 10 24 48 25 28 28 28 29 00 00 00 00 28 28 29 00 00 00 00 00 28 10 00 00 00 37 28 29 00 00 00 00 2A 28 31 48 25 25 25 25 25 48 25 25 32 32 32 33 28 28 24 25 25 25 48 25 32 33 38 28 2A 28 31 32 25 25 48 25 26 28 38 28 28 28 2A 2A 28 31 32 32 32 32 25 25
25 25 23 20 10 28 38 00 00 00 2A 00 00 00 3D 24 25 25 23 20 10 28 29 29 00 28 24 26 00 3A 38 24 25 25 25 48 25 33 00 00 29 00 00 2A 00 31 25 25 28 38 29 00 00 3A 67 68 38 28 00 00 00 00 00 00 38 28 39 3E 00 3A 28 00 00 00 00 00 00 28 00 24 25 25 32 32 32 32 32 33 21 22 22 23 28 28 24 25 25 25 32 33 28 28 28 29 00 00 2A 28 31 32 25 25 26 28 28 28 28 29 00 00 2A 28 28 28 38 28 24 48
32 32 33 28 28 28 29 00 00 00 00 00 3F 20 20 24 48 25 26 28 28 29 00 00 00 2A 24 33 00 00 2A 24 25 32 25 25 26 00 00 00 00 00 00 00 00 00 31 25 29 00 00 00 00 21 22 23 28 28 00 00 00 00 00 00 2A 28 28 34 35 36 29 00 00 00 00 00 00 28 39 24 25 26 21 22 23 20 21 23 31 32 32 33 28 28 24 25 48 26 2B 00 00 00 00 00 00 00 1C 00 00 3B 24 25 26 28 28 28 00 00 00 00 00 28 28 28 28 28 24 25
23 40 28 38 28 29 3A 28 39 00 00 00 34 35 22 25 25 48 26 29 00 00 00 00 00 00 30 00 00 00 00 24 33 00 31 25 33 3D 3F 00 00 00 00 00 00 00 00 31 00 00 1C 3A 3A 31 25 26 20 28 39 00 00 00 00 00 00 10 28 28 28 29 00 00 00 00 11 11 3A 28 28 31 32 33 24 25 26 10 31 33 20 28 28 28 28 38 24 25 25 26 2B 00 00 00 00 00 00 00 00 00 00 3B 24 25 26 2A 28 28 67 00 16 00 2A 28 28 38 28 28 24 25
26 3A 28 28 28 10 28 29 00 00 00 00 00 00 31 25 25 32 33 00 00 00 00 11 00 00 37 00 00 00 3E 24 00 00 00 37 21 22 23 00 00 00 00 00 00 00 00 00 39 58 68 28 28 28 24 26 28 29 00 00 00 00 00 00 2A 28 28 29 00 00 00 00 00 00 21 23 28 38 28 29 28 28 31 32 33 28 28 29 00 2A 00 2A 28 28 24 25 25 33 2B 0C 00 00 00 11 11 00 00 00 0C 3B 31 48 26 11 28 10 00 00 00 00 68 28 28 28 28 28 24 25
25 22 35 35 36 28 28 00 00 00 00 00 00 3A 28 24 26 00 3D 00 3A 39 00 27 00 00 00 00 00 00 21 25 00 1A 00 00 24 25 26 11 11 11 11 00 00 00 00 2C 28 38 28 28 28 38 31 33 28 00 00 00 17 17 00 00 00 2A 00 00 00 00 11 11 00 00 24 26 10 28 29 00 28 28 1B 1B 1B 28 28 00 00 00 00 00 2A 21 25 48 26 28 39 00 00 00 3B 34 36 2B 00 00 00 00 28 24 25 23 28 28 3A 67 00 3A 28 28 28 29 00 2A 31 32
25 33 38 28 28 29 00 00 00 00 00 00 00 28 38 24 25 23 20 20 10 29 00 30 39 00 00 00 00 58 24 48 00 00 00 3A 31 32 32 35 35 35 36 67 58 00 00 3C 28 28 28 28 10 28 21 23 29 00 00 00 00 00 00 00 00 00 00 00 00 00 34 36 00 3A 24 26 28 28 00 00 38 28 39 00 00 00 2A 29 00 00 00 00 00 31 32 32 26 10 10 00 00 00 00 28 28 39 00 00 00 00 2A 24 25 33 28 28 28 38 00 28 28 28 39 00 00 00 17 00
26 00 00 2A 28 00 00 00 00 3A 28 3A 28 28 28 24 25 25 22 23 28 39 00 37 28 58 39 00 68 28 31 32 00 00 00 28 28 28 28 28 20 20 28 28 28 39 21 22 28 29 00 2A 28 28 24 26 00 00 00 00 00 00 00 00 00 00 00 00 00 00 20 38 28 28 31 25 23 00 00 00 28 28 28 29 00 00 00 00 00 16 3A 67 68 28 28 00 33 38 28 0B 00 00 00 10 38 28 00 00 0B 00 00 31 33 28 28 28 28 28 68 28 28 28 28 00 00 00 17 00
33 00 00 00 28 67 58 00 00 28 10 28 28 34 22 25 25 25 48 26 28 28 67 20 28 28 28 38 28 28 21 22 00 00 3A 28 38 28 10 29 00 00 2A 28 38 28 24 25 2A 00 00 00 28 38 24 26 00 00 00 17 17 00 00 00 00 00 00 00 00 00 27 28 28 2A 28 31 33 39 00 00 28 29 00 00 00 00 00 00 00 00 2A 28 28 28 29 00 2A 28 39 00 00 00 00 2A 28 29 00 00 00 00 00 00 28 28 28 38 28 28 28 28 28 28 29 00 00 00 00 00
00 00 00 3A 28 28 38 3E 3A 28 28 28 38 28 24 25 48 25 25 26 00 2A 28 27 29 00 2A 28 28 34 32 25 00 00 00 2A 28 28 28 00 00 00 00 28 10 28 24 25 00 00 00 00 2A 28 24 26 00 00 00 00 00 00 00 00 00 00 00 00 00 00 37 28 00 00 00 2A 28 28 39 00 28 00 00 00 39 28 39 00 00 00 00 00 28 28 00 00 00 28 29 00 00 00 2A 28 28 00 00 00 00 00 00 00 2A 28 28 28 28 10 28 28 28 28 67 58 00 00 00 00
00 00 00 28 38 28 28 21 23 28 00 00 2A 28 24 25 32 32 25 26 00 3A 28 30 00 00 00 00 2A 28 28 24 00 00 00 00 00 2A 28 11 11 11 11 28 28 28 24 48 00 00 00 3A 28 28 31 33 00 00 00 00 00 00 17 17 00 01 3F 00 00 00 20 29 00 00 00 00 38 28 00 00 28 01 3A 28 28 10 28 58 00 00 00 3A 28 29 00 00 00 2A 28 0C 00 00 00 3A 38 0C 00 00 00 00 00 0C 00 00 2A 28 28 28 28 28 29 28 28 29 00 00 00 3A
00 01 3A 21 23 28 2A 31 33 29 00 11 11 11 24 25 00 28 31 26 3A 38 29 30 00 00 00 00 00 00 2A 31 00 00 00 00 00 00 28 34 22 22 36 29 2A 00 24 25 3E 01 3A 38 28 29 2A 00 00 00 00 00 00 00 00 00 35 35 35 36 00 00 20 00 00 00 00 3D 2A 28 67 14 22 22 23 28 28 28 28 28 39 00 58 28 38 28 3D 00 00 3A 29 00 00 00 00 28 28 00 00 00 00 00 00 00 00 00 2A 28 28 2A 29 00 00 58 10 00 12 00 2A 28
22 22 22 25 26 29 00 21 23 11 11 21 22 22 25 25 00 2A 38 37 28 29 00 30 11 11 11 00 00 00 3A 28 00 01 3F 00 00 00 2A 28 24 26 29 00 00 00 24 25 22 22 22 23 29 00 00 00 00 00 00 00 17 17 00 00 2A 28 20 39 00 3A 20 00 00 3A 00 34 35 35 35 35 25 25 25 22 22 22 23 28 28 28 28 10 28 28 21 22 0B 10 00 00 00 00 0B 28 10 00 00 00 0B 00 00 00 2C 00 00 28 38 00 00 00 00 2A 28 39 17 00 00 28
25 48 25 25 26 11 11 24 25 22 22 25 25 25 48 25 00 01 2A 28 28 67 3F 24 22 22 23 00 00 00 38 28 22 22 23 00 00 12 00 2A 24 26 00 00 00 12 24 25 25 25 25 26 00 00 00 00 17 17 00 00 00 00 00 00 00 38 20 28 39 28 27 08 00 28 67 68 20 28 28 28 25 48 25 25 25 25 26 2A 28 28 21 22 22 22 25 25 3A 28 01 3D 00 00 00 68 28 39 00 00 00 00 00 00 3C 01 68 28 28 00 17 17 17 00 3A 28 00 00 3A 28
25 25 25 25 25 22 22 25 25 25 25 25 25 25 25 25 22 22 22 22 22 22 22 25 25 48 26 67 58 68 28 28 25 48 26 00 00 27 00 00 24 26 00 00 00 21 25 25 25 25 48 26 17 17 00 00 00 00 00 00 00 00 00 00 00 2A 20 28 10 28 30 00 3A 28 28 28 20 28 28 28 25 25 25 25 48 25 26 00 00 2A 24 25 25 25 48 25 28 21 22 23 00 00 00 28 28 28 00 00 00 00 00 00 22 22 22 23 28 67 00 00 00 00 28 28 39 00 28 38
25 32 33 00 00 00 24 32 32 32 32 32 32 32 25 25 25 25 26 28 28 28 28 24 25 32 32 32 32 25 48 25 25 32 32 32 32 32 32 32 25 26 28 28 28 24 48 25 25 25 25 33 00 00 00 00 00 00 00 00 00 00 00 52 25 25 32 32 32 32 33 31 32 32 32 32 33 28 29 00 26 28 29 28 67 00 00 00 00 00 28 28 31 32 32 32 25 25 25 32 33 28 28 00 31 25 25 48 25 25 25 48 25 25 48 26 28 38 28 31 32 32 32 32 32 32 25 48
26 28 28 00 00 00 30 40 2A 28 28 28 28 28 24 25 25 48 26 28 38 28 28 31 33 38 28 29 00 31 32 25 26 28 00 00 16 3A 28 28 31 33 28 28 38 24 25 25 48 25 26 00 00 00 00 00 00 00 00 00 00 00 00 52 25 26 00 00 16 00 00 00 00 2A 10 28 28 38 39 00 26 28 1A 38 20 39 3D 00 00 00 00 2A 38 28 28 28 25 25 26 28 28 28 29 00 3B 24 25 32 32 32 32 32 32 32 32 33 28 28 28 28 28 28 10 28 28 20 31 25
33 28 39 00 00 00 37 00 00 2A 38 28 00 2A 24 25 25 25 26 28 28 28 28 20 28 29 2A 00 00 00 2A 31 33 28 11 11 11 28 28 28 00 00 28 00 2A 31 25 25 25 25 26 00 00 00 00 00 00 00 00 00 00 00 00 52 25 26 00 00 00 00 11 11 00 00 00 29 2A 28 29 00 26 28 3A 28 20 10 20 11 11 11 21 22 23 28 28 10 25 25 26 28 38 28 00 00 3B 24 26 2B 00 2A 2A 38 28 28 28 28 28 29 00 2A 28 00 28 28 38 28 28 31
28 28 10 29 00 00 00 00 00 00 28 28 39 00 24 48 25 25 26 28 29 00 28 20 67 00 00 00 00 00 00 00 38 10 21 22 23 28 38 29 00 3A 10 29 00 2A 24 25 32 32 33 67 00 00 00 00 00 00 00 00 00 00 42 00 25 26 39 00 00 00 21 23 00 00 00 00 00 21 22 22 25 22 22 23 21 22 23 21 22 23 24 48 26 28 28 28 32 32 33 28 28 28 00 00 3B 31 33 2B 00 00 00 28 10 28 29 00 00 00 00 00 29 00 2A 28 28 28 29 00
28 28 28 00 16 00 00 00 16 2A 28 28 28 00 24 25 25 25 26 27 00 00 2A 20 29 00 00 00 00 00 00 00 28 34 25 25 33 29 2A 00 00 00 2A 00 11 11 24 25 22 23 28 28 00 00 2C 46 47 2C 00 00 00 42 53 53 25 26 28 00 00 3A 24 26 00 00 16 00 00 24 25 25 25 25 48 26 31 32 33 31 32 33 24 25 26 20 28 38 22 22 23 28 29 28 67 00 00 28 29 00 00 00 00 00 28 38 00 11 11 00 00 12 00 00 00 28 29 2A 16 00
28 38 28 00 00 00 00 00 00 00 3A 28 29 00 24 25 48 25 26 37 00 00 00 29 00 00 00 00 00 00 00 3A 29 3B 24 26 28 39 00 00 00 00 00 3B 21 22 25 25 25 26 38 28 67 00 3C 56 57 3C 42 43 43 53 63 63 32 33 28 39 00 28 24 26 11 11 11 11 11 24 25 25 25 48 25 26 20 1B 1B 1B 1B 1B 24 25 26 28 28 28 25 25 26 00 00 2A 28 14 3A 29 00 00 00 00 00 00 28 29 3B 21 23 00 00 17 00 00 11 28 67 00 00 00
28 28 28 67 58 00 00 00 58 68 28 38 00 00 31 32 32 32 33 20 00 00 00 00 00 00 00 00 00 27 28 28 00 3B 24 26 29 00 00 00 00 00 00 3B 31 25 48 25 25 33 28 28 28 39 21 22 22 23 52 53 53 64 00 00 29 00 2A 28 38 28 31 32 35 35 35 35 22 25 48 25 25 25 25 25 23 00 00 00 00 00 31 32 33 28 10 28 48 25 26 11 11 11 34 35 36 11 11 11 11 00 00 00 00 00 3B 31 33 11 11 11 11 11 27 28 29 00 00 3B
28 28 28 28 10 29 00 00 00 2A 28 28 67 00 00 28 35 35 35 36 11 11 00 00 00 00 00 00 11 30 28 38 00 3B 31 33 00 00 00 00 00 00 00 2A 28 31 32 25 26 2A 28 28 10 28 24 25 25 26 62 63 64 00 00 00 00 16 00 28 28 28 29 00 00 00 00 00 31 32 25 25 25 25 25 25 26 67 58 00 00 00 20 00 00 2A 28 28 25 25 32 35 35 35 22 22 22 22 22 35 36 39 00 00 00 00 3B 34 35 35 35 35 35 36 30 38 00 00 00 17
28 29 00 00 2A 00 00 00 00 00 38 2A 29 00 3A 28 28 28 28 34 36 20 00 00 00 00 00 00 20 30 28 28 00 00 2A 29 00 00 11 11 00 00 00 00 28 28 28 31 26 00 29 00 2A 28 24 48 25 25 23 00 00 00 00 00 39 00 3A 28 29 00 00 00 00 00 00 00 00 28 31 32 25 25 48 25 26 38 29 00 00 00 17 00 00 58 68 28 32 33 10 28 29 3B 24 48 25 25 26 28 28 28 00 00 00 00 3B 20 1B 1B 1B 1B 1B 1B 30 28 00 00 00 17
28 3A 00 00 00 00 00 00 00 00 28 00 00 00 28 28 28 38 10 29 2A 00 00 00 00 00 00 00 2A 37 10 28 11 11 11 11 11 11 21 36 00 00 00 00 2A 28 38 0B 26 00 00 00 00 21 25 25 25 25 26 00 1C 00 00 00 28 28 28 10 00 00 00 00 00 11 00 00 2A 38 28 29 25 25 25 25 26 28 00 00 00 00 17 00 00 2A 21 22 28 28 29 08 00 3B 24 25 25 48 26 28 28 29 12 00 00 00 00 1B 00 00 00 00 00 00 30 29 00 00 00 3B
38 29 00 00 00 00 00 00 00 3A 10 29 00 00 28 38 28 28 28 00 00 00 00 00 00 00 00 00 00 2A 28 28 22 35 35 35 35 35 33 00 00 00 00 00 00 28 28 39 33 00 00 00 00 31 32 25 25 25 33 00 00 00 00 00 28 38 28 29 00 00 00 00 3B 20 2B 00 68 28 28 00 32 32 32 32 33 29 00 00 00 00 00 00 00 00 31 25 28 28 00 00 00 3B 31 32 32 25 26 38 28 00 17 00 00 00 00 00 00 00 00 11 00 00 37 00 00 00 00 00
29 00 00 00 00 00 00 00 00 00 2A 00 00 00 28 29 28 29 2A 00 00 00 00 00 00 00 00 00 00 00 28 2A 33 28 38 28 28 29 00 00 00 00 00 00 00 10 28 28 00 00 00 00 42 43 44 24 25 26 28 39 00 00 00 00 28 00 2A 00 00 11 00 00 00 1B 00 2A 20 10 29 2C 1B 1B 1B 1B 00 00 00 00 00 00 00 00 00 00 10 31 28 29 16 00 00 00 1B 1B 1B 31 33 28 10 67 00 00 00 00 00 11 00 00 3A 27 00 00 1B 00 00 00 00 00
00 00 01 00 00 00 11 11 11 00 00 00 00 00 2A 3A 2A 00 00 00 00 00 00 00 00 00 00 00 00 2A 28 00 28 28 29 00 2A 00 00 00 00 00 00 00 00 28 28 28 00 00 00 00 52 53 54 24 48 26 28 28 00 00 00 00 29 00 00 00 3B 20 2B 39 00 00 00 00 29 00 00 3C 00 00 00 00 00 00 00 00 00 00 00 00 00 00 28 28 28 00 00 00 00 00 00 00 00 1B 1B 2A 28 29 00 00 01 00 00 27 39 00 38 30 00 00 00 00 00 00 00 00
11 11 20 11 11 11 21 22 23 00 00 00 12 12 00 2A 00 01 00 00 00 00 00 00 00 00 00 00 00 00 29 00 29 00 00 00 00 00 00 00 00 00 2A 67 68 28 29 00 00 3F 01 00 52 53 54 24 25 26 28 10 67 3A 39 00 01 3F 00 00 00 2A 38 29 00 11 00 00 00 00 00 21 01 00 00 00 00 00 00 00 3A 67 00 00 00 00 2A 38 28 67 58 68 00 00 01 00 00 00 00 68 28 00 00 00 21 23 00 37 28 29 28 30 00 00 00 00 00 00 00 00
22 22 22 22 22 23 24 48 26 11 11 11 20 20 11 11 00 27 39 00 00 17 17 00 00 00 17 17 00 00 00 00 00 01 00 00 00 00 17 17 00 00 00 28 28 38 39 3A 00 21 22 23 52 53 54 24 25 33 28 28 28 38 29 00 22 23 2B 00 00 08 28 39 3B 27 00 00 00 00 14 24 23 00 00 00 12 00 00 00 28 29 00 00 00 00 00 28 28 28 10 28 67 00 17 17 17 17 17 28 28 39 00 00 31 33 39 27 10 12 28 37 00 00 00 00 00 00 00 00
25 48 25 25 25 26 24 25 26 21 22 22 22 22 22 22 3A 30 38 00 00 00 00 00 00 00 00 00 00 00 00 00 00 17 17 00 00 00 00 00 00 00 3A 28 28 28 28 28 00 24 25 26 52 53 54 24 26 28 28 28 28 28 28 39 25 26 2B 00 00 3A 28 10 3B 30 00 00 00 21 22 25 26 00 00 00 27 00 00 3A 28 00 00 00 00 00 00 28 28 38 28 28 28 39 00 00 00 58 68 28 38 28 00 00 22 23 38 30 28 17 28 27 00 00 00 00 00 00 00 00
00 00 00 00 00 00 00 00 28 24 25 25 25 25 48 25 33 29 00 00 31 32 32 32 25 32 32 32 32 32 25 32 00 00 00 00 00 00 00 00 3B 20 00 00 31 32 32 25 25 26 00 2A 28 38 24 25 25 32 32 32 32 32 32 32 00 00 00 00 00 00 00 2A 10 28 29 00 31 32 32 25 63 63 63 64 52 53 53 53 54 55 00 00 00 55 52 53 25 48 25 25 26 2B 00 00 00 00 00 00 24 25 25 25 26 28 28 28 24 25 48 25 25 25 48 25 25 25 25 25
00 00 00 00 00 00 58 68 28 24 48 25 25 25 25 25 1B 00 16 00 1B 1B 1B 1B 30 1B 1B 1B 1B 1B 30 1B 00 00 00 00 00 00 00 11 11 20 00 00 00 2A 28 24 25 33 00 00 00 2A 31 32 33 00 00 29 00 00 38 29 00 00 00 00 00 00 11 00 00 2A 00 00 00 2A 28 31 00 00 00 00 62 63 63 63 64 55 00 00 00 55 52 53 25 25 25 48 26 2B 3A 00 00 00 00 00 24 25 48 25 26 28 38 28 31 32 32 32 32 32 32 32 25 25 48 25
00 00 00 00 00 00 2A 10 28 31 32 25 25 48 25 25 00 00 00 00 00 00 00 00 37 00 00 00 00 00 37 00 00 00 00 00 00 00 3B 34 35 36 00 14 00 00 10 31 26 2B 00 00 00 00 00 00 00 00 00 00 00 00 2A 00 00 00 00 00 00 3B 20 2B 00 12 00 00 00 00 2A 28 00 00 00 00 00 00 00 00 00 65 00 00 00 55 62 63 25 25 25 32 33 2B 28 29 00 11 11 20 24 25 25 25 26 10 29 00 28 29 00 00 00 00 2A 28 31 25 25 25
00 00 00 00 00 00 00 00 2A 28 28 24 25 25 25 48 00 00 00 00 00 00 00 00 1B 00 00 00 00 00 1B 00 00 00 00 00 00 00 00 00 3B 34 35 36 39 00 00 1B 26 72 73 73 73 73 73 73 73 73 73 74 11 00 00 16 00 00 00 11 00 00 1B 00 3B 20 2B 00 00 00 16 28 00 00 00 00 00 00 00 00 00 00 00 00 00 65 00 00 25 25 33 28 28 28 28 10 3A 21 22 22 25 25 25 25 26 28 00 00 2A 00 11 11 11 00 00 28 38 24 25 25
00 00 00 00 00 00 00 39 3A 28 28 24 25 25 25 25 00 00 16 00 00 11 00 00 00 00 00 11 00 00 00 00 11 00 00 00 00 00 00 00 00 00 00 20 10 28 00 11 25 22 22 22 22 22 22 22 22 22 22 22 23 2B 00 00 00 00 3B 20 2B 00 00 00 00 1B 00 00 00 00 00 2A 00 00 00 00 00 00 00 00 39 00 00 00 00 00 00 00 48 26 28 28 28 38 28 28 28 31 32 32 25 48 25 25 26 29 00 00 00 11 42 43 44 00 00 2A 28 24 25 48
00 00 00 00 00 00 00 2A 28 38 28 24 48 25 25 25 00 00 00 00 3B 20 2B 39 16 00 3B 20 2B 00 16 00 27 39 3A 00 00 00 00 00 00 00 00 1B 2A 28 39 21 25 48 25 25 25 25 25 32 32 32 32 32 26 2B 00 00 00 00 00 1B 00 00 00 11 00 00 00 00 00 00 00 00 00 00 00 00 39 00 00 68 28 00 00 3A 00 00 00 00 25 26 28 28 10 2A 00 2A 28 28 29 00 31 32 32 32 26 11 11 11 11 42 53 53 54 00 00 3B 21 25 25 25
00 00 00 00 00 00 00 00 28 28 28 31 32 32 32 32 28 00 00 3A 00 1B 3A 28 39 00 00 1B 00 00 00 00 37 28 38 39 11 00 00 00 00 00 00 11 3A 28 28 31 32 32 32 32 25 48 26 28 29 00 2A 10 37 2B 00 16 00 00 00 00 00 00 3B 20 2B 00 00 16 00 00 00 00 00 00 3A 58 28 28 68 28 28 28 28 28 39 00 00 00 25 26 38 28 29 00 00 00 00 2A 00 00 00 00 00 00 25 22 22 22 23 62 63 63 64 00 00 3B 24 25 25 25
00 00 00 11 11 11 11 3A 28 28 10 1B 1B 1B 1B 1B 28 39 28 28 39 00 28 28 00 00 00 00 00 00 00 00 1B 00 2A 28 27 11 00 00 00 00 3B 27 28 28 38 1B 22 22 22 23 31 32 33 16 00 00 68 29 00 00 00 00 00 01 00 00 00 00 00 1B 00 00 00 00 00 00 00 00 68 39 28 28 28 28 10 29 00 00 2A 10 28 3A 67 68 25 26 28 28 39 00 00 00 00 00 00 00 00 00 00 00 25 25 48 25 25 23 28 38 29 00 00 3B 24 48 25 25
00 00 68 21 22 22 23 28 38 28 28 39 00 00 00 00 28 28 28 28 28 38 28 29 00 00 00 00 00 00 16 00 11 00 3A 28 37 27 00 00 00 00 3B 37 2A 28 29 11 25 25 48 26 38 28 2A 00 00 00 2A 00 00 00 00 00 00 20 11 11 11 11 11 11 11 11 11 11 11 11 00 16 28 28 28 2A 38 28 28 00 00 00 00 00 28 28 28 28 25 26 28 29 00 00 00 00 00 00 00 00 00 00 00 00 25 25 25 25 25 26 10 2A 00 00 00 3B 24 25 25 25
00 00 10 31 32 25 25 22 35 35 35 36 00 00 00 00 28 38 00 2A 28 28 28 10 39 39 00 00 11 00 00 00 27 28 28 29 1B 30 39 00 00 00 00 1B 00 2A 28 21 25 32 25 26 29 00 00 00 00 00 00 3A 00 00 00 00 00 34 35 35 35 35 35 35 35 35 35 35 35 36 2B 00 28 28 29 00 28 28 29 00 60 61 00 3A 28 38 28 2A 48 26 00 00 00 00 00 00 00 00 00 00 00 00 00 00 25 48 25 25 25 26 29 00 00 11 11 11 24 25 25 25
00 00 2A 28 28 31 32 26 1B 1B 1B 1B 00 00 00 00 29 00 00 00 00 2A 28 28 28 28 39 3B 27 2B 00 00 37 28 10 00 11 30 28 3A 00 00 00 11 00 28 28 31 26 01 31 33 16 00 00 00 00 00 00 28 39 00 00 00 00 20 28 38 28 28 28 20 28 28 28 28 28 27 2B 00 38 28 00 00 2A 28 3D 00 70 71 3F 28 28 29 00 00 25 26 00 00 00 00 00 00 39 00 00 00 00 00 00 00 25 25 25 25 48 26 00 00 3B 21 22 23 31 25 48 25
00 00 00 28 38 29 3B 30 00 00 00 00 00 12 00 00 00 00 00 00 00 00 00 28 28 28 28 3B 30 2B 00 00 1B 2A 28 38 27 30 28 10 39 00 00 27 3A 28 29 1B 26 17 00 00 00 00 00 00 39 00 00 38 28 00 00 00 00 1B 2A 28 28 10 28 1B 2A 28 38 2A 28 37 2B 00 28 28 39 00 00 28 21 22 23 21 22 23 28 00 00 3A 32 33 00 00 00 00 00 00 28 29 00 00 00 00 00 00 32 32 32 32 32 33 00 00 3B 24 25 25 23 31 25 25
00 00 00 2A 28 00 3B 37 00 00 00 00 3A 27 00 00 00 01 00 00 00 11 11 11 11 28 38 3B 37 2B 00 3A 00 00 28 28 37 30 29 00 28 38 00 37 28 38 00 11 26 39 00 00 00 00 00 00 28 00 00 28 28 29 00 00 00 00 00 29 16 2A 28 00 00 28 16 00 28 28 00 00 10 29 00 00 00 20 31 32 33 24 48 26 28 42 43 43 00 00 00 00 00 00 00 00 28 00 00 58 68 00 00 00 38 28 28 29 00 00 00 00 3B 24 25 48 25 23 31 32
00 00 01 00 28 00 00 28 00 00 00 2A 28 30 00 00 22 22 23 11 11 21 35 35 36 10 28 28 29 00 00 38 00 00 29 00 1B 30 00 00 2A 28 00 00 28 28 00 21 26 28 29 00 00 00 00 3A 28 29 00 28 28 00 00 00 00 58 68 00 00 28 28 3A 28 28 39 00 28 29 16 00 28 00 01 00 00 21 22 22 22 25 25 25 23 52 53 53 00 00 00 3F 01 00 00 3A 28 00 00 2A 10 00 00 00 28 29 00 00 00 00 39 00 3B 24 25 25 25 25 22 22
40 00 21 22 23 2B 00 38 39 12 00 68 38 30 39 00 25 48 25 22 22 26 0C 00 2A 28 28 28 00 00 3A 28 01 00 00 00 3A 37 08 00 00 28 39 00 28 29 00 31 26 28 00 00 00 00 00 28 38 00 3A 28 10 00 00 00 00 2A 28 28 28 29 2A 28 28 38 28 28 28 00 00 00 43 43 43 43 44 24 25 48 25 25 25 25 26 52 53 53 00 00 00 21 36 00 00 38 28 39 00 00 28 00 1C 00 28 01 3D 3E 00 3A 28 00 3B 24 25 25 25 48 25 25
21 23 24 25 26 2B 68 28 28 27 28 28 10 30 28 00 25 25 25 25 48 26 00 00 00 28 28 29 00 00 28 28 23 00 00 00 38 28 39 00 00 2A 28 10 28 00 00 1B 26 38 39 00 00 00 00 28 28 00 28 28 28 39 00 00 00 00 00 38 28 00 00 00 2A 28 10 28 00 00 00 00 53 53 53 53 54 24 25 25 25 25 25 48 26 52 53 53 00 00 00 30 42 44 00 28 28 28 00 00 28 39 00 00 22 22 22 23 10 28 38 39 3B 24 25 25 25 25 25 25
25 25 25 25 25 26 2B 1B 1B 1B 31 32 32 25 26 00 48 25 32 32 32 32 32 32 25 25 32 32 32 33 28 28 25 25 25 25 25 25 25 25 25 25 48 25 32 33 2B 28 32 32 32 32 32 25 26 28 28 00 00 3B 24 25 25 25 25 48 25 25 25 25 25 48 48 25 25 25 26 38 28 24 25 48 25 25 32 33 28 28 29 24 25 32 32 32 25 25 00 00 00 00 00 00 00 00 00 00 00 00 00 00 00 00 00 00 00 00 00 00 00 00 00 00 00 00 00 00 00 00
25 25 25 48 25 26 2B 00 00 00 1B 1B 1B 24 26 00 32 33 28 67 00 00 00 28 24 33 2B 2A 28 10 28 38 25 25 25 48 25 25 32 32 32 32 25 26 1B 1B 00 38 29 01 00 3A 28 24 26 38 29 00 00 3B 24 32 32 32 32 32 32 32 32 32 32 32 32 32 32 25 26 10 28 31 25 25 32 33 1B 1B 10 28 14 31 33 38 28 28 24 48 00 00 00 00 00 00 00 00 00 00 00 00 00 00 00 00 00 00 00 00 00 00 00 00 00 00 00 00 00 00 00 00
25 25 25 25 25 26 2B 00 00 00 00 00 2A 24 26 67 28 28 38 29 00 00 11 2A 37 2B 00 3A 28 27 29 00 25 25 25 25 25 33 1B 1B 1B 1B 31 33 00 00 00 28 35 35 35 36 28 24 26 28 14 00 00 3B 30 28 2A 2A 1A 28 29 00 2A 28 38 28 28 10 28 24 26 00 2A 38 25 26 1B 1B 00 00 38 21 23 2B 00 00 08 10 24 25 00 00 00 00 00 00 3A 00 00 00 00 00 00 00 00 00 00 00 00 00 00 00 00 00 00 00 00 00 00 00 00 00
25 48 25 32 32 33 2B 00 00 00 11 00 28 24 26 29 28 10 2A 00 00 3B 27 00 29 00 00 00 38 30 00 00 32 32 25 25 26 2B 00 00 00 00 3B 27 00 00 3A 28 28 28 38 28 28 24 25 22 23 2B 00 3B 37 29 08 00 00 10 00 11 00 29 2A 28 29 11 2A 31 33 00 3A 28 25 26 2B 00 00 00 2A 31 33 2B 00 00 68 28 24 25 00 00 00 00 00 00 10 00 00 39 00 00 00 00 00 00 00 00 00 00 00 00 00 00 00 00 00 00 00 00 00 00
25 25 26 21 22 23 2B 00 3A 67 27 2B 2A 24 26 38 28 29 00 00 00 3B 30 00 00 00 00 3A 28 30 00 00 22 23 31 32 33 2B 00 00 00 00 3B 30 28 39 00 2A 38 28 29 10 29 24 48 25 26 2B 00 00 00 00 00 00 00 2A 3B 20 2B 3A 16 28 3B 20 2B 00 11 00 00 28 25 26 2B 00 00 00 00 1B 1B 00 00 2A 38 2A 24 25 00 00 00 00 3A 00 28 00 00 38 00 00 00 00 00 00 00 00 00 00 00 49 4A 4B 4C 4D 4E 4F 00 00 00 00
25 25 26 24 48 26 2B 00 2A 38 30 2B 12 24 26 29 38 00 00 00 00 3B 30 00 00 00 00 00 2A 30 3E 14 25 25 22 22 23 2B 00 00 00 00 3B 30 29 00 00 00 28 29 00 00 00 24 25 25 26 2B 00 00 00 00 00 00 00 00 00 1B 00 2A 28 28 00 1B 00 3B 20 2B 11 2A 25 26 2B 00 00 00 00 00 00 00 00 00 29 3B 24 48 00 00 00 00 28 67 28 00 00 10 00 39 00 00 00 00 00 00 00 00 00 59 5A 5B 5C 5D 5E 5F 00 00 00 00
32 32 33 31 32 26 2B 12 00 28 30 2B 17 31 33 00 28 39 58 68 39 3B 30 11 11 11 11 11 11 24 22 22 25 25 48 25 26 2B 00 00 11 00 3B 30 2B 00 00 00 28 11 11 11 11 24 25 48 26 2B 00 00 00 00 00 00 00 00 00 00 00 00 11 10 67 58 11 00 1B 3B 20 16 48 26 11 11 11 11 00 00 00 16 00 00 00 3B 31 25 00 00 00 00 28 38 28 76 00 28 67 28 00 00 00 00 00 00 00 00 00 69 6A 6B 6C 6D 6E 6F 00 00 00 00
28 00 00 00 2A 30 11 27 00 2A 30 2B 00 10 10 39 28 28 38 28 34 35 32 35 35 35 35 35 35 25 25 48 25 25 25 25 26 2B 00 3B 27 00 3B 30 2B 00 00 00 28 34 35 35 35 32 32 25 26 2B 00 00 11 00 00 00 00 00 00 00 00 3B 20 28 28 38 27 2B 16 00 1B 00 25 25 23 21 22 23 2B 00 00 00 00 00 00 00 1B 24 00 00 00 00 2A 28 28 21 23 28 38 29 00 00 00 00 00 00 00 00 00 79 7A 7B 7C 7D 7E 7F 00 00 00 00
29 00 11 00 00 31 35 26 2B 00 31 35 35 35 35 35 29 00 2A 00 00 10 28 28 28 28 29 00 3B 24 25 25 32 32 32 32 26 2B 16 3B 30 00 3B 30 00 00 00 00 29 1B 1B 1B 1B 1B 3B 24 26 2B 00 3B 27 2B 00 00 00 11 00 00 00 00 1B 2A 28 28 37 2B 00 00 00 00 32 32 33 31 32 33 2B 00 00 11 11 00 00 00 3B 24 00 00 00 68 38 28 21 25 25 23 28 39 3A 00 00 00 00 00 00 00 00 00 00 00 00 00 00 00 00 00 00 00
00 3B 27 2B 00 2A 38 30 2B 00 00 00 2A 28 39 3B 00 00 00 00 00 00 2A 28 38 28 28 67 21 25 25 25 1B 1B 1B 1B 37 2B 00 3B 30 39 3B 30 16 00 00 00 00 00 00 00 00 00 3B 24 26 2B 17 3B 30 2B 00 00 3B 20 2B 11 00 00 00 11 00 29 1B 00 00 00 00 3A 1B 1B 1B 1B 1B 1B 00 11 11 21 23 11 00 00 3B 24 00 00 00 2A 28 21 25 48 25 25 23 28 38 68 00 00 00 00 00 00 00 00 00 00 00 00 00 00 00 00 00 00
08 3B 30 2B 00 00 28 30 11 11 11 11 00 28 38 3B 11 11 11 11 11 00 00 28 29 00 29 28 24 25 48 25 00 00 00 3A 28 00 00 3B 30 28 3B 37 00 00 00 00 00 00 00 00 00 00 3B 24 26 11 11 11 30 2B 00 00 00 1B 3B 20 2B 00 3B 27 2B 00 00 00 00 00 00 28 2B 01 00 00 00 00 3B 21 22 25 32 36 2B 00 3B 31 58 58 68 28 29 24 25 25 25 25 26 10 28 28 68 00 00 00 00 00 00 00 00 00 00 00 00 00 00 00 00 00
00 3B 37 2B 00 00 2A 31 35 35 35 36 00 28 29 3B 22 22 22 22 23 11 11 20 2B 00 00 2A 31 32 25 25 00 00 00 10 38 29 00 3B 30 28 28 28 00 00 00 00 11 11 11 11 39 00 11 24 25 22 22 22 33 2B 00 00 01 00 00 1B 00 00 3B 30 2B 00 00 00 00 58 68 28 2B 17 00 00 00 00 3B 24 25 33 1B 1B 00 00 00 1B 28 10 28 38 00 31 32 25 25 48 26 29 00 2A 28 00 00 00 00 00 00 00 00 00 00 00 00 00 00 00 00 00
39 00 1B 00 00 00 00 1B 1B 1B 1B 1B 00 2A 00 3B 32 32 32 32 32 35 36 1B 00 00 00 00 1B 1B 31 25 00 00 00 00 28 00 00 3B 30 28 38 29 00 00 00 00 22 22 22 23 28 38 34 32 32 32 32 33 2B 00 00 00 23 39 00 00 00 00 3B 37 2B 00 00 00 00 2A 10 28 11 11 11 11 00 00 3B 31 33 1B 00 3A 00 16 00 00 00 2A 28 39 3F 21 23 24 25 32 33 20 00 00 28 00 00 00 00 00 00 00 00 00 00 00 00 00 00 00 00 00
28 29 00 00 01 00 14 00 00 00 00 00 00 00 00 3B 39 01 3D 00 00 2A 28 00 00 00 00 00 00 00 28 24 00 00 00 68 28 67 00 3B 30 00 2A 28 67 00 00 00 25 25 25 26 00 28 28 00 3A 10 28 2A 00 16 00 3A 26 28 00 00 00 00 00 1B 00 00 00 39 3A 28 38 28 22 22 22 23 2B 00 00 1B 1B 00 00 38 00 00 00 68 00 00 21 22 22 25 26 31 33 21 22 23 28 39 28 67 00 00 00 00 00 00 00 00 00 00 00 00 00 00 00 00
10 67 58 3A 21 22 23 11 11 11 11 11 00 12 00 3B 22 22 23 39 00 10 28 39 00 00 00 00 08 3A 10 31 01 00 3A 38 28 29 00 3B 37 00 00 38 29 00 00 00 25 48 25 26 00 2A 28 28 28 38 29 00 00 00 00 28 26 38 39 12 00 00 00 00 00 00 3A 28 28 28 28 10 25 48 25 26 2B 16 00 00 39 00 00 28 3A 00 3A 28 01 00 31 25 25 48 25 22 22 25 25 25 23 10 38 28 00 00 00 00 00 00 00 00 00 00 00 00 00 00 00 00
28 38 28 28 24 25 25 22 22 22 22 23 00 17 00 3B 25 25 26 28 3A 28 38 28 00 00 00 00 00 38 28 28 23 00 10 28 28 00 00 00 38 00 00 28 10 00 00 00 25 25 25 26 17 17 28 38 28 00 00 00 00 00 3A 28 26 28 10 27 39 00 00 00 00 2A 28 28 38 28 28 28 25 25 48 26 2B 00 00 3A 38 00 3A 28 10 28 38 28 21 22 23 24 25 25 25 25 25 25 48 25 25 22 22 23 00 00 00 00 00 00 00 00 00 00 00 00 00 00 00 00